38
210
14
3
214
222
82
176
225
174
5
282
23
294
103
177
90
125
245
189
276
272
130
234
142
59
152
80
156
276
142
161
235
260
42
173
205
160
162
71
26
236
265
103
193
227
61
41
245
74
287
83
229
114
99
207
255
124
202
102
97
118
58
79
13
221
13
154
103
83
51
182
32
100
293
105
224
280
216
196
267
9
114
36
260
50
124
188
170
132
134
285
68
91
144
201
137
67
79
298
119
120
71
66
188
300
77
4
291
17
297
241
241
290
170
151
277
43
103
250
162
213
114
95
