2010         2         6         2        59       1.3       2.6       0.5
2010         6         6        17        53       1.8       3.5  0.514286
2010         6         8        13        21       1.5       4.1  0.365854
2010         6        23        13        19       1.7       2.6  0.653846
2010         6        28        12        29       1.2       3.4  0.352941
2010         7         3         3        27       1.1       2.4  0.458333
2010         8         2        13        56       2.1       5.2  0.403846
2010         9        18        23         5       1.6       3.6  0.444444
2010         9        26        13        48       1.6       2.8  0.571429
2010        10        13         7        47       1.3       5.3  0.245283
2010        11        25         9        37       2.8         6  0.466667
2010        12         2         9        32       1.3         5      0.26
2010        12        10         3        45       2.1       6.9  0.304348
2010        12        21        22        41       1.4       2.1  0.666667
2011         1        12        18        30       2.2       5.1  0.431373
2011         1        18        13        31       2.5       3.6  0.694444
2011         1        19        12        15       1.3       6.7   0.19403
2011         2        23         6         2       2.1       2.9  0.724138
2011         3         9         7        31       0.8       5.5  0.145455
2011         4        15        17        17       1.7       2.7   0.62963
2011         6         1        17        30       1.9       3.5  0.542857
2011         6         9        20        15       0.9       5.7  0.157895
2011         6         9         6        36       1.9       3.3  0.575758
2012         3        21        10        11       2.6       5.1  0.509804
2012         5         7        20        44       1.5         7  0.214286
2012         6         5         2        59       1.5       6.3  0.238095
2012         7        26        22        35       1.2       6.3  0.190476
2012         9        23         0        14       1.8       5.6  0.321429
2012        10        15         1         0       1.5       5.7  0.263158
2012        10        21        13        18       0.7       3.7  0.189189
2012        10        28        20         7       1.5         5       0.3
2012        11         1         9        39       1.5       5.7  0.263158
2012        11         7        20        50         1       5.6  0.178571
2012        11         7        20        50         1       5.6  0.178571
